GRO1 1 1 1 1 1 1 1 1 1 1 1 1 1 1 1 1 1
GRO1 1 1 0 0 0 0 0 0 0 0 0 0 0 0 0 0 1
GRO1 1 1 0 1 1 1 0 1 1 0 1 1 1 1 1 0 1
GRO1 1 1 0 0 1 0 0 0 1 0 1 0 0 0 1 0 1
GRO1 1 1 1 0 0 0 1 0 0 0 0 0 1 0 1 0 1
GRO1 1 0 0 0 1 1 1 0 1 1 1 0 1 0 0 0 1
GRO1 1 0 1 0 0 1 0 0 0 0 0 0 1 0 1 0 1
GRO1 1 0 1 1 0 1 0 1 1 1 1 0 1 0 1 0 1
GRO1 1 0 0 0 0 0 0 1 0 0 2 2 2 2 2 2 2
GRO1 1 1 0 1 0 1 0 1 0 0 2 2 2 2 2 2 2
GRO1 1 1 0 1 0 1 0 1 1 2 2 2 2 2 2 2 2
GRO1 1 0 0 0 0 0 0 0 0 2 2 2 2 2 2 2 2
GRO1 1 0 1 1 1 1 1 0 1 2 2 2 2 2 2 2 2
GRO1 1 0 1 0 0 0 0 0 0 2 2 2 2 2 2 2 2
GRO1 1 0 1 0 1 1 0 1 0 2 2 2 2 2 2 2 2
GRO1 1 0 0 0 0 0 0 1 0 2 2 2 2 2 2 2 2
GRO1 1 1 1 1 1 1 1 1 1 2 2 2 2 2 2 2 2

    0 = Normal Ground texture
    1 = tree base texture
    2 = builing floor texture

MAP1 1 1 1 1 1 1 1 1 1 1 1 1 1 1 1 1 1
MAP1 1 1 0 0 5 0 0 0 0 0 0 0 0 0 0 0 1
MAP1 1 1 0 1 1 1 0 1 1 0 1 1 1 1 1 0 1
MAP1 1 1 0 0 1 0 0 0 1 0 1 0 0 5 1 0 1
MAP1 1 1 1 0 0 0 1 0 0 0 0 0 1 0 1 0 1
MAP1 1 0 0 0 1 1 1 0 1 1 1 0 1 0 0 0 1
MAP1 1 0 1 0 5 1 0 0 0 0 0 0 1 0 1 0 1
MAP1 1 0 1 1 0 1 0 1 6 1 1 0 1 0 1 0 1
MAP1 1 0 0 0 0 0 0 1 4 4 1 0 0 0 1 0 1
MAP1 1 1 0 1 0 1 0 1 4 4 1 0 1 0 0 0 1
MAP1 1 1 0 1 0 1 0 1 1 1 1 0 1 1 1 0 1
MAP1 1 0 0 5 0 0 0 0 0 0 0 0 1 5 0 0 1
MAP1 1 0 1 1 1 1 1 0 1 1 0 1 1 0 1 0 1
MAP1 1 0 1 0 0 0 0 0 5 1 0 0 0 0 1 0 1
MAP1 1 0 1 0 1 1 0 1 0 1 0 1 1 0 1 0 1
MAP1 1 3 0 0 0 0 0 1 0 0 0 0 0 0 0 0 1
MAP1 1 1 1 1 1 1 1 1 1 1 1 1 1 1 1 1 1



  0 = path and collectable
  1 = wall
  2 = collectable collected
  3 = player start
  4 = ghost spawn
  5 = specials
  6 = 1 direction wall for ghosts
  7 = HypnoIndent Wall
  8 = Boiler Wall
  9 = Window Wall
  10 = Cracked Wall


LV1 0 0 0 0 0 0 0 0 0 0 0 0 0 0 0 0 0
LV1 0 0 0 0 0 0 0 0 0 0 0 0 0 0 0 0 0
LV1 0 0 0 0 0 0 0 0 0 0 0 0 0 0 0 0 0
LV1 0 0 0 0 0 0 0 0 0 0 0 0 0 0 0 0 0
LV1 0 0 0 0 0 0 0 0 0 0 0 0 0 0 0 0 0
LV1 0 0 0 0 0 0 0 0 0 0 0 0 0 0 0 0 0
LV1 0 0 0 0 0 0 0 0 0 0 0 0 0 0 0 0 0
LV1 0 0 0 0 0 0 0 0 0 0 0 0 0 0 0 0 0
LV1 0 0 0 0 0 0 0 0 0 0 1 1 1 1 1 1 1
LV1 0 0 0 0 0 0 0 0 0 0 1 1 1 1 1 1 1
LV1 0 0 0 0 0 0 0 0 0 1 1 1 1 1 1 1 1
LV1 0 0 0 0 0 0 0 0 0 1 1 1 1 1 1 1 1
LV1 0 0 0 0 0 0 0 0 0 1 1 1 1 1 1 1 1
LV1 0 0 0 0 0 0 0 0 0 1 1 1 1 1 1 1 1
LV1 0 0 0 0 0 0 0 0 0 1 1 1 1 1 1 1 1
LV1 0 0 0 0 0 0 0 0 0 1 1 1 1 1 1 1 1
LV1 0 0 0 0 0 0 0 0 0 1 1 1 1 1 1 1 1

    0 = free Space
    1 = building wall
